Dijkstra:
-Shortest path length: 55
-Shortest path distance: 1.0524429999999998
-Shortest path: [1, 0, 6, 5, 7, 265, 264, 263, 262, 261, 260, 259, 258, 297, 434, 433, 432, 431, 430, 429, 428, 427, 426, 425, 424, 423, 422, 421, 420, 419, 418, 417, 416, 415, 414, 413, 412, 411, 410, 409, 408, 407, 354, 353, 347, 348, 349, 350, 351, 352, 39, 38, 37, 9, 10]
-Nodes visited: 288

Astar (A*):
-Shortest path length: 55
-Shortest path distance: 19.060964807857903
-Shortest path: [1, 0, 6, 5, 7, 265, 264, 263, 262, 261, 260, 259, 258, 297, 434, 433, 432, 431, 430, 429, 428, 427, 426, 425, 424, 423, 422, 421, 420, 419, 418, 417, 416, 415, 414, 413, 412, 411, 410, 409, 408, 407, 354, 353, 347, 348, 349, 350, 351, 352, 39, 38, 37, 9, 10]
-Nodes visited: 127
